# $1 = time (seconds since 2000-01-01T00:00Z)
# $2 = observer altitude [km]
# $3 = observer longitude [deg]
# $4 = observer latitude [deg]
# $5 = view point altitude [km]
# $6 = view point longitude [deg]
# $7 = view point latitude [deg]
# $8 = tangent point altitude [km]
# $9 = tangent point longitude [deg]
# $10 = tangent point latitude [deg]
# $11 = brightness temperature (792.0000 cm^-1) [K]
# $12 = brightness temperature (832.0000 cm^-1) [K]
# $13 = transmittance (792.0000 cm^-1) [-]
# $14 = transmittance (832.0000 cm^-1) [-]

0.00 0 0 0 700 0 -25.7163 90 -1.25842e-07 -10.0399 285.136 285.113 1.58054e-23 1.90571e-10
0.00 0 0 0 700 0 -22.8788 90 -3.9977e-08 -7.1754 284.425 282.003 2.73144e-06 0.0148493
0.00 0 0 0 700 0 -20.3605 90 -1.81115e-08 -5.34466 283.502 273.782 0.000800418 0.111592
0.00 0 0 0 700 0 -18.1441 90 -9.97641e-09 -4.14102 282.227 264.537 0.00566415 0.228229
0.00 0 0 0 700 0 -16.2045 90 -6.22383e-09 -3.32388 280.579 256.328 0.0163233 0.327939
0.00 0 0 0 700 0 -14.5117 90 -4.23033e-09 -2.74582 278.665 249.355 0.0320256 0.407838
0.00 0 0 0 700 0 -13.0344 90 -3.05997e-09 -2.31981 276.606 243.45 0.0510926 0.471529
0.00 0 0 0 700 0 -11.7422 90 -2.31992e-09 -1.99417 274.491 238.411 0.0721652 0.522804
0.00 0 0 0 700 0 -10.6075 90 -1.82462e-09 -1.73731 272.391 234.071 0.0939922 0.564623
0.00 0 0 0 700 0 -9.60592 90 -1.47801e-09 -1.52923 270.339 230.301 0.115965 0.599172
0.00 0 0 0 700 0 -8.71662 90 -1.22664e-09 -1.3568 268.365 227 0.137492 0.628046
0.00 0 0 0 700 0 -7.92186 90 -1.03896e-09 -1.21107 266.486 224.091 0.158261 0.652422
0.00 0 0 0 700 0 -7.20683 90 -8.95428e-10 -1.08581 264.708 221.516 0.178004 0.673176
0.00 0 0 0 700 0 -6.55914 90 -7.83453e-10 -0.976523 263.038 219.227 0.196618 0.690973
0.00 0 0 0 700 0 -5.96848 90 -6.94636e-10 -0.879908 261.48 217.185 0.213964 0.706326
0.00 0 0 0 700 0 -5.42627 90 -6.23208e-10 -0.793485 260.027 215.362 0.230235 0.719629
0.00 0 0 0 700 0 -4.92529 90 -5.65101e-10 -0.715345 258.687 213.731 0.245176 0.731195
0.00 0 0 0 700 0 -4.4595 90 -5.1739e-10 -0.644009 257.453 212.274 0.258877 0.741274
0.00 0 0 0 700 0 -4.02377 90 -4.77929e-10 -0.578297 256.322 210.974 0.271425 0.750064
0.00 0 0 0 700 0 -3.61375 90 -4.45117e-10 -0.517264 255.29 209.817 0.282859 0.757726
0.00 0 0 0 700 0 -3.22571 90 -4.17745e-10 -0.460139 254.359 208.79 0.293137 0.764392
0.00 0 0 0 700 0 -2.85643 90 -3.94889e-10 -0.406283 253.521 207.886 0.302419 0.770169
0.00 0 0 0 700 0 -2.50309 90 -3.75834e-10 -0.355159 252.787 207.095 0.31034 0.775145
0.00 0 0 0 700 0 -2.16324 90 -3.60027e-10 -0.306313 252.136 206.411 0.317526 0.779392
0.00 0 0 0 700 0 -1.83466 90 -3.47037e-10 -0.259348 251.58 205.828 0.32355 0.782968
0.00 0 0 0 700 0 -1.5154 90 -3.36529e-10 -0.213924 251.107 205.342 0.328766 0.785922
0.00 0 0 0 700 0 -1.20364 90 -3.28244e-10 -0.169729 250.72 204.949 0.333064 0.78829
0.00 0 0 0 700 0 -0.897742 90 -3.21987e-10 -0.126489 250.425 204.647 0.336236 0.790103
0.00 0 0 0 700 0 -0.596143 90 -3.17614e-10 -0.0839466 250.219 204.432 0.338353 0.791382
0.00 0 0 0 700 0 -0.297371 90 -3.15029e-10 -0.0418603 250.096 204.304 0.33964 0.792144
0.00 0 0 0 700 0 0 90 -3.14173e-10 -3.14173e-10 250.054 204.261 0.340077 0.792397
0.00 0 0 0 700 0 0.297371 90 -3.15029e-10 0.0418603 250.096 204.304 0.33964 0.792144
0.00 0 0 0 700 0 0.596143 90 -3.17614e-10 0.0839466 250.219 204.432 0.338353 0.791382
0.00 0 0 0 700 0 0.897742 90 -3.21987e-10 0.126489 250.425 204.647 0.336236 0.790103
0.00 0 0 0 700 0 1.20364 90 -3.28244e-10 0.169729 250.72 204.949 0.333064 0.78829
0.00 0 0 0 700 0 1.5154 90 -3.36529e-10 0.213924 251.107 205.342 0.328766 0.785922
0.00 0 0 0 700 0 1.83466 90 -3.47037e-10 0.259348 251.58 205.828 0.32355 0.782968
0.00 0 0 0 700 0 2.16324 90 -3.60028e-10 0.306313 252.136 206.411 0.317526 0.779392
0.00 0 0 0 700 0 2.50309 90 -3.75833e-10 0.355159 252.787 207.095 0.31034 0.775145
0.00 0 0 0 700 0 2.85643 90 -3.94889e-10 0.406283 253.521 207.886 0.302419 0.770169
0.00 0 0 0 700 0 3.22571 90 -4.17744e-10 0.460139 254.359 208.79 0.293137 0.764392
0.00 0 0 0 700 0 3.61375 90 -4.45117e-10 0.517264 255.29 209.817 0.282859 0.757726
0.00 0 0 0 700 0 4.02377 90 -4.7793e-10 0.578297 256.322 210.974 0.271425 0.750064
0.00 0 0 0 700 0 4.4595 90 -5.17391e-10 0.644009 257.453 212.274 0.258877 0.741274
0.00 0 0 0 700 0 4.92529 90 -5.65101e-10 0.715345 258.687 213.731 0.245176 0.731195
0.00 0 0 0 700 0 5.42627 90 -6.23208e-10 0.793485 260.027 215.362 0.230235 0.719629
0.00 0 0 0 700 0 5.96848 90 -6.94637e-10 0.879908 261.48 217.185 0.213964 0.706326
0.00 0 0 0 700 0 6.55914 90 -7.83454e-10 0.976523 263.038 219.227 0.196618 0.690973
0.00 0 0 0 700 0 7.20683 90 -8.95426e-10 1.08581 264.708 221.516 0.178004 0.673176
0.00 0 0 0 700 0 7.92186 90 -1.03896e-09 1.21107 266.486 224.091 0.158261 0.652422
0.00 0 0 0 700 0 8.71662 90 -1.22664e-09 1.3568 268.365 227 0.137492 0.628046
0.00 0 0 0 700 0 9.60592 90 -1.47801e-09 1.52923 270.339 230.301 0.115965 0.599172
0.00 0 0 0 700 0 10.6075 90 -1.82462e-09 1.73731 272.391 234.071 0.0939922 0.564623
0.00 0 0 0 700 0 11.7422 90 -2.31991e-09 1.99417 274.491 238.411 0.0721652 0.522804
0.00 0 0 0 700 0 13.0344 90 -3.05998e-09 2.31981 276.606 243.45 0.0510926 0.471529
0.00 0 0 0 700 0 14.5117 90 -4.23033e-09 2.74582 278.665 249.355 0.0320256 0.407838
0.00 0 0 0 700 0 16.2045 90 -6.22383e-09 3.32388 280.579 256.328 0.0163233 0.327939
0.00 0 0 0 700 0 18.1441 90 -9.97639e-09 4.14102 282.227 264.537 0.00566415 0.228229
0.00 0 0 0 700 0 20.3605 90 -1.81114e-08 5.34466 283.502 273.782 0.000800418 0.111592
0.00 0 0 0 700 0 22.8788 90 -3.9977e-08 7.1754 284.425 282.003 2.73144e-06 0.0148493
0.00 0 0 0 700 0 25.7163 90 -1.25842e-07 10.0399 285.136 285.113 1.58054e-23 1.90571e-10
